0 0 0
0 1 0
1 0 1
1 1 1
2 0 1
2 1 1
3 0 1
3 1 2
4 0 2
4 1 2
5 0 2
5 1 2
6 0 2
6 1 2
7 0 2
7 1 3
8 0 2
8 1 3
9 0 3
9 1 3
10 0 3
10 1 3
11 0 3
11 1 3
12 0 3
12 1 3
13 0 3
13 1 4
14 0 3
14 1 4
15 0 3
15 1 4
16 0 4
16 1 4
17 0 4
17 1 4
18 0 4
18 1 4
19 0 4
19 1 4
20 0 4
20 1 4
21 0 4
21 1 5
22 0 4
22 1 5
23 0 4
23 1 5
24 0 4
24 1 5
25 0 5
25 1 5
26 0 5
26 1 5
27 0 5
27 1 5
28 0 5
28 1 5
29 0 5
29 1 5
30 0 5
30 1 5
31 0 5
31 1 6
32 0 5
32 1 6
33 0 5
33 1 6
34 0 5
34 1 6
35 0 5
35 1 6
36 0 6
36 1 6
37 0 6
37 1 6
38 0 6
38 1 6
39 0 6
39 1 6
40 0 6
40 1 6
41 0 6
41 1 6
42 0 6
42 1 6
43 0 6
43 1 7
44 0 6
44 1 7
45 0 6
45 1 7
46 0 6
46 1 7
47 0 6
47 1 7
48 0 6
48 1 7
49 0 7
49 1 7
50 0 7
50 1 7
51 0 7
51 1 7
52 0 7
52 1 7
53 0 7
53 1 7
54 0 7
54 1 7
55 0 7
55 1 7
56 0 7
56 1 7
57 0 7
57 1 8
58 0 7
58 1 8
59 0 7
59 1 8
60 0 7
60 1 8
61 0 7
61 1 8
62 0 7
62 1 8
63 0 7
63 1 8
64 0 8
64 1 8
65 0 8
65 1 8
66 0 8
66 1 8
67 0 8
67 1 8
68 0 8
68 1 8
69 0 8
69 1 8
70 0 8
70 1 8
71 0 8
71 1 8
72 0 8
72 1 8
73 0 8
73 1 9
74 0 8
74 1 9
75 0 8
75 1 9
76 0 8
76 1 9
77 0 8
77 1 9
78 0 8
78 1 9
79 0 8
79 1 9
80 0 8
80 1 9
81 0 9
81 1 9
82 0 9
82 1 9
83 0 9
83 1 9
84 0 9
84 1 9
85 0 9
85 1 9
86 0 9
86 1 9
87 0 9
87 1 9
88 0 9
88 1 9
89 0 9
89 1 9
90 0 9
90 1 9
91 0 9
91 1 10
92 0 9
92 1 10
93 0 9
93 1 10
94 0 9
94 1 10
95 0 9
95 1 10
96 0 9
96 1 10
97 0 9
97 1 10
98 0 9
98 1 10
99 0 9
99 1 10
100 0 10
100 1 10
101 0 10
101 1 10
102 0 10
102 1 10
103 0 10
103 1 10
104 0 10
104 1 10
105 0 10
105 1 10
106 0 10
106 1 10
107 0 10
107 1 10
108 0 10
108 1 10
109 0 10
109 1 10
110 0 10
110 1 10
111 0 10
111 1 11
112 0 10
112 1 11
113 0 10
113 1 11
114 0 10
114 1 11
115 0 10
115 1 11
116 0 10
116 1 11
117 0 10
117 1 11
118 0 10
118 1 11
119 0 10
119 1 11
120 0 10
120 1 11
121 0 11
121 1 11
122 0 11
122 1 11
123 0 11
123 1 11
124 0 11
124 1 11
125 0 11
125 1 11
126 0 11
126 1 11
127 0 11
127 1 11
128 0 11
128 1 11
129 0 11
129 1 11
130 0 11
130 1 11
131 0 11
131 1 11
132 0 11
132 1 11
133 0 11
133 1 12
134 0 11
134 1 12
135 0 11
135 1 12
136 0 11
136 1 12
137 0 11
137 1 12
138 0 11
138 1 12
139 0 11
139 1 12
140 0 11
140 1 12
141 0 11
141 1 12
142 0 11
142 1 12
143 0 11
143 1 12
144 0 12
144 1 12
145 0 12
145 1 12
146 0 12
146 1 12
147 0 12
147 1 12
148 0 12
148 1 12
149 0 12
149 1 12
150 0 12
150 1 12
151 0 12
151 1 12
152 0 12
152 1 12
153 0 12
153 1 12
154 0 12
154 1 12
155 0 12
155 1 12
156 0 12
156 1 12
157 0 12
157 1 13
158 0 12
158 1 13
159 0 12
159 1 13
160 0 12
160 1 13
161 0 12
161 1 13
162 0 12
162 1 13
163 0 12
163 1 13
164 0 12
164 1 13
165 0 12
165 1 13
166 0 12
166 1 13
167 0 12
167 1 13
168 0 12
168 1 13
169 0 13
169 1 13
170 0 13
170 1 13
171 0 13
171 1 13
172 0 13
172 1 13
173 0 13
173 1 13
174 0 13
174 1 13
175 0 13
175 1 13
176 0 13
176 1 13
177 0 13
177 1 13
178 0 13
178 1 13
179 0 13
179 1 13
180 0 13
180 1 13
181 0 13
181 1 13
182 0 13
182 1 13
183 0 13
183 1 14
184 0 13
184 1 14
185 0 13
185 1 14
186 0 13
186 1 14
187 0 13
187 1 14
188 0 13
188 1 14
189 0 13
189 1 14
190 0 13
190 1 14
191 0 13
191 1 14
192 0 13
192 1 14
193 0 13
193 1 14
194 0 13
194 1 14
195 0 13
195 1 14
196 0 14
196 1 14
197 0 14
197 1 14
198 0 14
198 1 14
199 0 14
199 1 14
200 0 14
200 1 14
201 0 14
201 1 14
202 0 14
202 1 14
203 0 14
203 1 14
204 0 14
204 1 14
205 0 14
205 1 14
206 0 14
206 1 14
207 0 14
207 1 14
208 0 14
208 1 14
209 0 14
209 1 14
210 0 14
210 1 14
211 0 14
211 1 15
212 0 14
212 1 15
213 0 14
213 1 15
214 0 14
214 1 15
215 0 14
215 1 15
216 0 14
216 1 15
217 0 14
217 1 15
218 0 14
218 1 15
219 0 14
219 1 15
220 0 14
220 1 15
221 0 14
221 1 15
222 0 14
222 1 15
223 0 14
223 1 15
224 0 14
224 1 15
225 0 15
225 1 15
226 0 15
226 1 15
227 0 15
227 1 15
228 0 15
228 1 15
229 0 15
229 1 15
230 0 15
230 1 15
231 0 15
231 1 15
232 0 15
232 1 15
233 0 15
233 1 15
234 0 15
234 1 15
235 0 15
235 1 15
236 0 15
236 1 15
237 0 15
237 1 15
238 0 15
238 1 15
239 0 15
239 1 15
240 0 15
240 1 15
241 0 15
241 1 16
242 0 15
242 1 16
243 0 15
243 1 16
244 0 15
244 1 16
245 0 15
245 1 16
246 0 15
246 1 16
247 0 15
247 1 16
248 0 15
248 1 16
249 0 15
249 1 16
250 0 15
250 1 16
251 0 15
251 1 16
252 0 15
252 1 16
253 0 15
253 1 16
254 0 15
254 1 16
255 0 15
255 1 16
256 0 16
256 1 16
257 0 16
257 1 16
258 0 16
258 1 16
259 0 16
259 1 16
260 0 16
260 1 16
261 0 16
261 1 16
262 0 16
262 1 16
263 0 16
263 1 16
264 0 16
264 1 16
265 0 16
265 1 16
266 0 16
266 1 16
267 0 16
267 1 16
268 0 16
268 1 16
269 0 16
269 1 16
270 0 16
270 1 16
271 0 16
271 1 16
272 0 16
272 1 16
273 0 16
273 1 17
274 0 16
274 1 17
275 0 16
275 1 17
276 0 16
276 1 17
277 0 16
277 1 17
278 0 16
278 1 17
279 0 16
279 1 17
280 0 16
280 1 17
281 0 16
281 1 17
282 0 16
282 1 17
283 0 16
283 1 17
284 0 16
284 1 17
285 0 16
285 1 17
286 0 16
286 1 17
287 0 16
287 1 17
288 0 16
288 1 17
289 0 17
289 1 17
290 0 17
290 1 17
291 0 17
291 1 17
292 0 17
292 1 17
293 0 17
293 1 17
294 0 17
294 1 17
295 0 17
295 1 17
296 0 17
296 1 17
297 0 17
297 1 17
298 0 17
298 1 17
299 0 17
299 1 17
300 0 17
300 1 17
301 0 17
301 1 17
302 0 17
302 1 17
303 0 17
303 1 17
304 0 17
304 1 17
305 0 17
305 1 17
306 0 17
306 1 17
307 0 17
307 1 18
308 0 17
308 1 18
309 0 17
309 1 18
310 0 17
310 1 18
311 0 17
311 1 18
312 0 17
312 1 18
313 0 17
313 1 18
314 0 17
314 1 18
315 0 17
315 1 18
316 0 17
316 1 18
317 0 17
317 1 18
318 0 17
318 1 18
319 0 17
319 1 18
320 0 17
320 1 18
321 0 17
321 1 18
322 0 17
322 1 18
323 0 17
323 1 18
324 0 18
324 1 18
325 0 18
325 1 18
326 0 18
326 1 18
327 0 18
327 1 18
328 0 18
328 1 18
329 0 18
329 1 18
330 0 18
330 1 18
331 0 18
331 1 18
332 0 18
332 1 18
333 0 18
333 1 18
334 0 18
334 1 18
335 0 18
335 1 18
336 0 18
336 1 18
337 0 18
337 1 18
338 0 18
338 1 18
339 0 18
339 1 18
340 0 18
340 1 18
341 0 18
341 1 18
342 0 18
342 1 18
343 0 18
343 1 19
344 0 18
344 1 19
345 0 18
345 1 19
346 0 18
346 1 19
347 0 18
347 1 19
348 0 18
348 1 19
349 0 18
349 1 19
350 0 18
350 1 19
351 0 18
351 1 19
352 0 18
352 1 19
353 0 18
353 1 19
354 0 18
354 1 19
355 0 18
355 1 19
356 0 18
356 1 19
357 0 18
357 1 19
358 0 18
358 1 19
359 0 18
359 1 19
360 0 18
360 1 19
361 0 19
361 1 19
362 0 19
362 1 19
363 0 19
363 1 19
364 0 19
364 1 19
365 0 19
365 1 19
366 0 19
366 1 19
367 0 19
367 1 19
368 0 19
368 1 19
369 0 19
369 1 19
370 0 19
370 1 19
371 0 19
371 1 19
372 0 19
372 1 19
373 0 19
373 1 19
374 0 19
374 1 19
375 0 19
375 1 19
376 0 19
376 1 19
377 0 19
377 1 19
378 0 19
378 1 19
379 0 19
379 1 19
380 0 19
380 1 19
381 0 19
381 1 20
382 0 19
382 1 20
383 0 19
383 1 20
384 0 19
384 1 20
385 0 19
385 1 20
386 0 19
386 1 20
387 0 19
387 1 20
388 0 19
388 1 20
389 0 19
389 1 20
390 0 19
390 1 20
391 0 19
391 1 20
392 0 19
392 1 20
393 0 19
393 1 20
394 0 19
394 1 20
395 0 19
395 1 20
396 0 19
396 1 20
397 0 19
397 1 20
398 0 19
398 1 20
399 0 19
399 1 20
400 0 20
400 1 20
401 0 20
401 1 20
402 0 20
402 1 20
403 0 20
403 1 20
404 0 20
404 1 20
405 0 20
405 1 20
406 0 20
406 1 20
407 0 20
407 1 20
408 0 20
408 1 20
409 0 20
409 1 20
410 0 20
410 1 20
411 0 20
411 1 20
412 0 20
412 1 20
413 0 20
413 1 20
414 0 20
414 1 20
415 0 20
415 1 20
416 0 20
416 1 20
417 0 20
417 1 20
418 0 20
418 1 20
419 0 20
419 1 20
420 0 20
420 1 20
421 0 20
421 1 21
422 0 20
422 1 21
423 0 20
423 1 21
424 0 20
424 1 21
425 0 20
425 1 21
426 0 20
426 1 21
427 0 20
427 1 21
428 0 20
428 1 21
429 0 20
429 1 21
430 0 20
430 1 21
431 0 20
431 1 21
432 0 20
432 1 21
433 0 20
433 1 21
434 0 20
434 1 21
435 0 20
435 1 21
436 0 20
436 1 21
437 0 20
437 1 21
438 0 20
438 1 21
439 0 20
439 1 21
440 0 20
440 1 21
441 0 21
441 1 21
442 0 21
442 1 21
443 0 21
443 1 21
444 0 21
444 1 21
445 0 21
445 1 21
446 0 21
446 1 21
447 0 21
447 1 21
448 0 21
448 1 21
449 0 21
449 1 21
450 0 21
450 1 21
451 0 21
451 1 21
452 0 21
452 1 21
453 0 21
453 1 21
454 0 21
454 1 21
455 0 21
455 1 21
456 0 21
456 1 21
457 0 21
457 1 21
458 0 21
458 1 21
459 0 21
459 1 21
460 0 21
460 1 21
461 0 21
461 1 21
462 0 21
462 1 21
463 0 21
463 1 22
464 0 21
464 1 22
465 0 21
465 1 22
466 0 21
466 1 22
467 0 21
467 1 22
468 0 21
468 1 22
469 0 21
469 1 22
470 0 21
470 1 22
471 0 21
471 1 22
472 0 21
472 1 22
473 0 21
473 1 22
474 0 21
474 1 22
475 0 21
475 1 22
476 0 21
476 1 22
477 0 21
477 1 22
478 0 21
478 1 22
479 0 21
479 1 22
480 0 21
480 1 22
481 0 21
481 1 22
482 0 21
482 1 22
483 0 21
483 1 22
484 0 22
484 1 22
485 0 22
485 1 22
486 0 22
486 1 22
487 0 22
487 1 22
488 0 22
488 1 22
489 0 22
489 1 22
490 0 22
490 1 22
491 0 22
491 1 22
492 0 22
492 1 22
493 0 22
493 1 22
494 0 22
494 1 22
495 0 22
495 1 22
496 0 22
496 1 22
497 0 22
497 1 22
498 0 22
498 1 22
499 0 22
499 1 22
500 0 22
500 1 22
501 0 22
501 1 22
502 0 22
502 1 22
503 0 22
503 1 22
504 0 22
504 1 22
505 0 22
505 1 22
506 0 22
506 1 22
507 0 22
507 1 23
508 0 22
508 1 23
509 0 22
509 1 23
510 0 22
510 1 23
511 0 22
511 1 23
512 0 22
512 1 23
513 0 22
513 1 23
514 0 22
514 1 23
515 0 22
515 1 23
516 0 22
516 1 23
517 0 22
517 1 23
518 0 22
518 1 23
519 0 22
519 1 23
520 0 22
520 1 23
521 0 22
521 1 23
522 0 22
522 1 23
523 0 22
523 1 23
524 0 22
524 1 23
525 0 22
525 1 23
526 0 22
526 1 23
527 0 22
527 1 23
528 0 22
528 1 23
529 0 23
529 1 23
530 0 23
530 1 23
531 0 23
531 1 23
532 0 23
532 1 23
533 0 23
533 1 23
534 0 23
534 1 23
535 0 23
535 1 23
536 0 23
536 1 23
537 0 23
537 1 23
538 0 23
538 1 23
539 0 23
539 1 23
540 0 23
540 1 23
541 0 23
541 1 23
542 0 23
542 1 23
543 0 23
543 1 23
544 0 23
544 1 23
545 0 23
545 1 23
546 0 23
546 1 23
547 0 23
547 1 23
548 0 23
548 1 23
549 0 23
549 1 23
550 0 23
550 1 23
551 0 23
551 1 23
552 0 23
552 1 23
553 0 23
553 1 24
554 0 23
554 1 24
555 0 23
555 1 24
556 0 23
556 1 24
557 0 23
557 1 24
558 0 23
558 1 24
559 0 23
559 1 24
560 0 23
560 1 24
561 0 23
561 1 24
562 0 23
562 1 24
563 0 23
563 1 24
564 0 23
564 1 24
565 0 23
565 1 24
566 0 23
566 1 24
567 0 23
567 1 24
568 0 23
568 1 24
569 0 23
569 1 24
570 0 23
570 1 24
571 0 23
571 1 24
572 0 23
572 1 24
573 0 23
573 1 24
574 0 23
574 1 24
575 0 23
575 1 24
576 0 24
576 1 24
577 0 24
577 1 24
578 0 24
578 1 24
579 0 24
579 1 24
580 0 24
580 1 24
581 0 24
581 1 24
582 0 24
582 1 24
583 0 24
583 1 24
584 0 24
584 1 24
585 0 24
585 1 24
586 0 24
586 1 24
587 0 24
587 1 24
588 0 24
588 1 24
589 0 24
589 1 24
590 0 24
590 1 24
591 0 24
591 1 24
592 0 24
592 1 24
593 0 24
593 1 24
594 0 24
594 1 24
595 0 24
595 1 24
596 0 24
596 1 24
597 0 24
597 1 24
598 0 24
598 1 24
599 0 24
599 1 24
600 0 24
600 1 24
601 0 24
601 1 25
602 0 24
602 1 25
603 0 24
603 1 25
604 0 24
604 1 25
605 0 24
605 1 25
606 0 24
606 1 25
607 0 24
607 1 25
608 0 24
608 1 25
609 0 24
609 1 25
610 0 24
610 1 25
611 0 24
611 1 25
612 0 24
612 1 25
613 0 24
613 1 25
614 0 24
614 1 25
615 0 24
615 1 25
616 0 24
616 1 25
617 0 24
617 1 25
618 0 24
618 1 25
619 0 24
619 1 25
620 0 24
620 1 25
621 0 24
621 1 25
622 0 24
622 1 25
623 0 24
623 1 25
624 0 24
624 1 25
625 0 25
625 1 25
626 0 25
626 1 25
627 0 25
627 1 25
628 0 25
628 1 25
629 0 25
629 1 25
630 0 25
630 1 25
631 0 25
631 1 25
632 0 25
632 1 25
633 0 25
633 1 25
634 0 25
634 1 25
635 0 25
635 1 25
636 0 25
636 1 25
637 0 25
637 1 25
638 0 25
638 1 25
639 0 25
639 1 25
640 0 25
640 1 25
641 0 25
641 1 25
642 0 25
642 1 25
643 0 25
643 1 25
644 0 25
644 1 25
645 0 25
645 1 25
646 0 25
646 1 25
647 0 25
647 1 25
648 0 25
648 1 25
649 0 25
649 1 25
650 0 25
650 1 25
651 0 25
651 1 26
652 0 25
652 1 26
653 0 25
653 1 26
654 0 25
654 1 26
655 0 25
655 1 26
656 0 25
656 1 26
657 0 25
657 1 26
658 0 25
658 1 26
659 0 25
659 1 26
660 0 25
660 1 26
661 0 25
661 1 26
662 0 25
662 1 26
663 0 25
663 1 26
664 0 25
664 1 26
665 0 25
665 1 26
666 0 25
666 1 26
667 0 25
667 1 26
668 0 25
668 1 26
669 0 25
669 1 26
670 0 25
670 1 26
671 0 25
671 1 26
672 0 25
672 1 26
673 0 25
673 1 26
674 0 25
674 1 26
675 0 25
675 1 26
676 0 26
676 1 26
677 0 26
677 1 26
678 0 26
678 1 26
679 0 26
679 1 26
680 0 26
680 1 26
681 0 26
681 1 26
682 0 26
682 1 26
683 0 26
683 1 26
684 0 26
684 1 26
685 0 26
685 1 26
686 0 26
686 1 26
687 0 26
687 1 26
688 0 26
688 1 26
689 0 26
689 1 26
690 0 26
690 1 26
691 0 26
691 1 26
692 0 26
692 1 26
693 0 26
693 1 26
694 0 26
694 1 26
695 0 26
695 1 26
696 0 26
696 1 26
697 0 26
697 1 26
698 0 26
698 1 26
699 0 26
699 1 26
700 0 26
700 1 26
701 0 26
701 1 26
702 0 26
702 1 26
703 0 26
703 1 27
704 0 26
704 1 27
705 0 26
705 1 27
706 0 26
706 1 27
707 0 26
707 1 27
708 0 26
708 1 27
709 0 26
709 1 27
710 0 26
710 1 27
711 0 26
711 1 27
712 0 26
712 1 27
713 0 26
713 1 27
714 0 26
714 1 27
715 0 26
715 1 27
716 0 26
716 1 27
717 0 26
717 1 27
718 0 26
718 1 27
719 0 26
719 1 27
720 0 26
720 1 27
721 0 26
721 1 27
722 0 26
722 1 27
723 0 26
723 1 27
724 0 26
724 1 27
725 0 26
725 1 27
726 0 26
726 1 27
727 0 26
727 1 27
728 0 26
728 1 27
729 0 27
729 1 27
730 0 27
730 1 27
731 0 27
731 1 27
732 0 27
732 1 27
733 0 27
733 1 27
734 0 27
734 1 27
735 0 27
735 1 27
736 0 27
736 1 27
737 0 27
737 1 27
738 0 27
738 1 27
739 0 27
739 1 27
740 0 27
740 1 27
741 0 27
741 1 27
742 0 27
742 1 27
743 0 27
743 1 27
744 0 27
744 1 27
745 0 27
745 1 27
746 0 27
746 1 27
747 0 27
747 1 27
748 0 27
748 1 27
749 0 27
749 1 27
750 0 27
750 1 27
751 0 27
751 1 27
752 0 27
752 1 27
753 0 27
753 1 27
754 0 27
754 1 27
755 0 27
755 1 27
756 0 27
756 1 27
757 0 27
757 1 28
758 0 27
758 1 28
759 0 27
759 1 28
760 0 27
760 1 28
761 0 27
761 1 28
762 0 27
762 1 28
763 0 27
763 1 28
764 0 27
764 1 28
765 0 27
765 1 28
766 0 27
766 1 28
767 0 27
767 1 28
768 0 27
768 1 28
769 0 27
769 1 28
770 0 27
770 1 28
771 0 27
771 1 28
772 0 27
772 1 28
773 0 27
773 1 28
774 0 27
774 1 28
775 0 27
775 1 28
776 0 27
776 1 28
777 0 27
777 1 28
778 0 27
778 1 28
779 0 27
779 1 28
780 0 27
780 1 28
781 0 27
781 1 28
782 0 27
782 1 28
783 0 27
783 1 28
784 0 28
784 1 28
785 0 28
785 1 28
786 0 28
786 1 28
787 0 28
787 1 28
788 0 28
788 1 28
789 0 28
789 1 28
790 0 28
790 1 28
791 0 28
791 1 28
792 0 28
792 1 28
793 0 28
793 1 28
794 0 28
794 1 28
795 0 28
795 1 28
796 0 28
796 1 28
797 0 28
797 1 28
798 0 28
798 1 28
799 0 28
799 1 28
800 0 28
800 1 28
801 0 28
801 1 28
802 0 28
802 1 28
803 0 28
803 1 28
804 0 28
804 1 28
805 0 28
805 1 28
806 0 28
806 1 28
807 0 28
807 1 28
808 0 28
808 1 28
809 0 28
809 1 28
810 0 28
810 1 28
811 0 28
811 1 28
812 0 28
812 1 28
813 0 28
813 1 29
814 0 28
814 1 29
815 0 28
815 1 29
816 0 28
816 1 29
817 0 28
817 1 29
818 0 28
818 1 29
819 0 28
819 1 29
820 0 28
820 1 29
821 0 28
821 1 29
822 0 28
822 1 29
823 0 28
823 1 29
824 0 28
824 1 29
825 0 28
825 1 29
826 0 28
826 1 29
827 0 28
827 1 29
828 0 28
828 1 29
829 0 28
829 1 29
830 0 28
830 1 29
831 0 28
831 1 29
832 0 28
832 1 29
833 0 28
833 1 29
834 0 28
834 1 29
835 0 28
835 1 29
836 0 28
836 1 29
837 0 28
837 1 29
838 0 28
838 1 29
839 0 28
839 1 29
840 0 28
840 1 29
841 0 29
841 1 29
842 0 29
842 1 29
843 0 29
843 1 29
844 0 29
844 1 29
845 0 29
845 1 29
846 0 29
846 1 29
847 0 29
847 1 29
848 0 29
848 1 29
849 0 29
849 1 29
850 0 29
850 1 29
851 0 29
851 1 29
852 0 29
852 1 29
853 0 29
853 1 29
854 0 29
854 1 29
855 0 29
855 1 29
856 0 29
856 1 29
857 0 29
857 1 29
858 0 29
858 1 29
859 0 29
859 1 29
860 0 29
860 1 29
861 0 29
861 1 29
862 0 29
862 1 29
863 0 29
863 1 29
864 0 29
864 1 29
865 0 29
865 1 29
866 0 29
866 1 29
867 0 29
867 1 29
868 0 29
868 1 29
869 0 29
869 1 29
870 0 29
870 1 29
871 0 29
871 1 30
872 0 29
872 1 30
873 0 29
873 1 30
874 0 29
874 1 30
875 0 29
875 1 30
876 0 29
876 1 30
877 0 29
877 1 30
878 0 29
878 1 30
879 0 29
879 1 30
880 0 29
880 1 30
881 0 29
881 1 30
882 0 29
882 1 30
883 0 29
883 1 30
884 0 29
884 1 30
885 0 29
885 1 30
886 0 29
886 1 30
887 0 29
887 1 30
888 0 29
888 1 30
889 0 29
889 1 30
890 0 29
890 1 30
891 0 29
891 1 30
892 0 29
892 1 30
893 0 29
893 1 30
894 0 29
894 1 30
895 0 29
895 1 30
896 0 29
896 1 30
897 0 29
897 1 30
898 0 29
898 1 30
899 0 29
899 1 30
900 0 30
900 1 30
901 0 30
901 1 30
902 0 30
902 1 30
903 0 30
903 1 30
904 0 30
904 1 30
905 0 30
905 1 30
906 0 30
906 1 30
907 0 30
907 1 30
908 0 30
908 1 30
909 0 30
909 1 30
910 0 30
910 1 30
911 0 30
911 1 30
912 0 30
912 1 30
913 0 30
913 1 30
914 0 30
914 1 30
915 0 30
915 1 30
916 0 30
916 1 30
917 0 30
917 1 30
918 0 30
918 1 30
919 0 30
919 1 30
920 0 30
920 1 30
921 0 30
921 1 30
922 0 30
922 1 30
923 0 30
923 1 30
924 0 30
924 1 30
925 0 30
925 1 30
926 0 30
926 1 30
927 0 30
927 1 30
928 0 30
928 1 30
929 0 30
929 1 30
930 0 30
930 1 30
931 0 30
931 1 31
932 0 30
932 1 31
933 0 30
933 1 31
934 0 30
934 1 31
935 0 30
935 1 31
936 0 30
936 1 31
937 0 30
937 1 31
938 0 30
938 1 31
939 0 30
939 1 31
940 0 30
940 1 31
941 0 30
941 1 31
942 0 30
942 1 31
943 0 30
943 1 31
944 0 30
944 1 31
945 0 30
945 1 31
946 0 30
946 1 31
947 0 30
947 1 31
948 0 30
948 1 31
949 0 30
949 1 31
950 0 30
950 1 31
951 0 30
951 1 31
952 0 30
952 1 31
953 0 30
953 1 31
954 0 30
954 1 31
955 0 30
955 1 31
956 0 30
956 1 31
957 0 30
957 1 31
958 0 30
958 1 31
959 0 30
959 1 31
960 0 30
960 1 31
961 0 31
961 1 31
962 0 31
962 1 31
963 0 31
963 1 31
964 0 31
964 1 31
965 0 31
965 1 31
966 0 31
966 1 31
967 0 31
967 1 31
968 0 31
968 1 31
969 0 31
969 1 31
970 0 31
970 1 31
971 0 31
971 1 31
972 0 31
972 1 31
973 0 31
973 1 31
974 0 31
974 1 31
975 0 31
975 1 31
976 0 31
976 1 31
977 0 31
977 1 31
978 0 31
978 1 31
979 0 31
979 1 31
980 0 31
980 1 31
981 0 31
981 1 31
982 0 31
982 1 31
983 0 31
983 1 31
984 0 31
984 1 31
985 0 31
985 1 31
986 0 31
986 1 31
987 0 31
987 1 31
988 0 31
988 1 31
989 0 31
989 1 31
990 0 31
990 1 31
991 0 31
991 1 31
992 0 31
992 1 31
993 0 31
993 1 32
994 0 31
994 1 32
995 0 31
995 1 32
996 0 31
996 1 32
997 0 31
997 1 32
998 0 31
998 1 32
999 0 31
999 1 32
1000 0 31
1000 1 32
1001 0 31
1001 1 32
1002 0 31
1002 1 32
1003 0 31
1003 1 32
1004 0 31
1004 1 32
1005 0 31
1005 1 32
1006 0 31
1006 1 32
1007 0 31
1007 1 32
1008 0 31
1008 1 32
1009 0 31
1009 1 32
1010 0 31
1010 1 32
1011 0 31
1011 1 32
1012 0 31
1012 1 32
1013 0 31
1013 1 32
1014 0 31
1014 1 32
1015 0 31
1015 1 32
1016 0 31
1016 1 32
1017 0 31
1017 1 32
1018 0 31
1018 1 32
1019 0 31
1019 1 32
1020 0 31
1020 1 32
1021 0 31
1021 1 32
1022 0 31
1022 1 32
1023 0 31
1023 1 32
